Top 10 frequent items K=1:
444814009	751940
195662009	524692
10509002	461495
162864005	365567
271737000	355372
15777000	354315
59621000	305134
40055000	250239
72892002	205390
19169002	201894

Top 10 frequent items K=2:
(195662009, 444814009)	343651
(10509002, 444814009)	302516
(15777000, 271737000)	289176
(162864005, 444814009)	243812
(271737000, 444814009)	236847
(15777000, 444814009)	236320
(10509002, 195662009)	211065
(59621000, 444814009)	203450
(162864005, 195662009)	167438
(40055000, 444814009)	165530

Top 10 frequent items K=3:
